initial: 6
0.00000 0.10356 0.09636 0.21030 0.00000 0.58978

transition: 6
0.20267 0.20393 0.59336 0.00000 0.00003 0.00000
0.01274 0.28716 0.51148 0.00031 0.00001 0.18830
0.49569 0.00588 0.19623 0.30219 0.00000 0.00000
0.20040 0.00015 0.00105 0.59879 0.00000 0.19962
0.00000 0.10203 0.00000 0.00000 0.50269 0.39528
0.39784 0.00001 0.00000 0.00000 0.30301 0.29913

observation: 6
0.49517 0.69892 0.30179 0.10047 0.00001 0.09952
0.00180 0.00183 0.39994 0.09926 0.10303 0.09592
0.00000 0.29845 0.20003 0.19644 0.09851 0.30137
0.50303 0.00080 0.09809 0.00000 0.00337 0.40218
0.00000 0.00000 0.00015 0.60383 0.00206 0.10101
0.00000 0.00000 0.00000 0.00000 0.79302 0.00000
